1417
1260
1895
1938
1890
1549
1495
1445
1466
1706
1976
1441
1461
1556
1778
1703
1096
1276
1326
1770
1554
1299
1480
1500
1255
1765
1562
1464
1219
1849
1406
1193
1858
1443
1534
1867
1146
1658
1751
1721
1336
1696
1877
1788
1162
1365
1401
1261
1408
1234
1402
1432
1457
1220
1332
1371
1415
1416
1021
1029
1083
1894
1378
1256
1131
1755
1513
1200
1217
1626
1818
1692
1429
1998
1542
1144
1999
1619
1107
1799
1525
1965
1094
1753
1754
1063
1412
1087
1284
1559
1852
1477
1010
1813
1840
1253
1720
1907
1265
1282
1708
1101
1794
1372
1174
1218
1386
1120
1615
1377
1984
1985
1933
1181
1014
1884
1783
1346
1272
1297
1486
1084
1681
1757
1266
1736
1436
1100
1045
1192
1133
1283
1690
1609
1804
1612
1648
1715
1718
1728
1811
1223
1301
1539
1564
1752
1003
1550
1476
1805
1194
1302
1427
1455
1827
1089
1231
1051
1949
1305
1519
1871
1349
1188
1551
1616
1731
1304
1347
1250
1709
1817
1992
1739
1501
1621
1139
1289
1105
1897
1004
1395
1019
1382
1041
1342
1649
1030
1240
1988
1584
1462
1054
1544
1823
1903
1141
1809
1830
1018
1735
1909
1248
1748
1005
1423
1832
1409
1573
1595
1242
1230
1611
1113
1136
1750
1123
1906
1657
1214
1543
1665
1135
1373
1854
1023
1203
1111
1646
1328
1345
1520
1888
1362
1487
1699
1792
1478
1479
1187
1189
1902
1712
1502
1298
1352
1518
1129
1310
1993
1537
1960
1860
1050
1333
1175
1485
1322
1936
1785
1275
1311
1109
1046
1183
1435
1904
1962
1155
1954
1793
1205
1015
1742
1961
1636
1280
1608
1848
1058
1514
1869
1669
1016
1651
1497
1732
1983
1700
1494
1069
1958
1090
1145
1618
1009
1354
1215
1796
1057
1184
1169
1762
1730
1384
1745
1634
1886
1331
1273
1323
1396
1702
1264
1914
1308
1202
1117
1376
1164
1206
1458
1043
1314
1451
1617
1943
1271
1453
1588
1533
1001
1910
1581
1319
1449
1312
1950
1802
1672
1940
1002
1668
1990
1032
1980
1388
1957
1190
1482
1295
1760
1825
1419
1939
1091
1491
1535
1927
1066
1597
1350
1603
1093
1515
1779
1177
1541
1227
1095
1969
1316
1579
1163
1532
1639
1374
1025
1017
1698
1340
1693
1917
1680
1137
1691
1348
1747
1463
1667
1908
1944
1121
1147
1404
1065
1567
1369
1900
1711
1546
1946
1923
1356
1781
1061
1237
1723
1098
1678
1233
1110
1049
1468
1118
1506
1473
1159
1249
1081
1108
1358
1268
1259
1053
1807
1400
1407
1426
1474
1905
1470
1801
1375
1563
1013
1625
1979
1154
1422
1321
1424
1633
1079
1338
1679
1561
1262
1822
1878
1571
1291
1882
1296
1124
1956
1257
1075
1547
1222
1557
1659
1366
1764
1821
1815
1536
1225
1880
1337
1444
1037
1508
1064
1986
1027
1469
1437
1784
1879
1085
1011
1641
1368
1749
1791
1972
1119
1628
1645
1235
1777
1676
1106
1047
1173
1115
1517
1677
1875
1165
1873
1505
1246
1901
1820
1285
1632
1167
1656
1911
1421
1688
1671
1831
1481
1367
1180
1863
1330
1168
1726
1258
1504
1845
1812
1385
1707
1341
1744
1334
1306
1475
1361
1142
1935
1964
1838
1808
1647
1130
1364
1428
1769
1150
1787
1324
1143
1934
1179
1947
1309
1048
1973
1920
1198
1844
1343
1153
1099
1737
1930
1392
1790
1968
1080
1335
1705
1743
1467
1687
1158
1140
1924
1391
1288
1701
1660
1307
1024
1967
1531
1320
1446
1991
1072
1662
1593
1856
1370
1212
1221
1989
1945
1380
1540
1590
1915
1103
1176
1387
1071
1056
1963
1149
1716
1035
1892
1899
1586
1629
1439
1060
1493
1300
1780
1921
1157
1178
1383
1552
1097
1523
1228
1329
1653
1211
1038
1555
1868
1327
1932
1201
1987
1440
1734
1975
1318
1471
1397
1553
1086
1191
1204
1216
1039
1447
1674
1574
1116
1835
1033
1411
1697
1465
1928
1363
1450
1893
1828
1510
1433
1325
1034
1405
1410
1953
1797
1635
1719
1209
1925
1670
1806
1605
1459
1379
1847
1637
1652
1390
1694
1896
1213
1442
1516
1746
1843
1876
1937
1073
1713
1740
1040
1195
1644
1059
1303
1170
1929
1775
1577
1286
1088
1052
1631
1912
1763
1772
1733
1512
1982
1132
1594
1578
1661
1841
1399
1837
1028
1171
1942
1642
1675
1851
1448
1489
1582
1251
1575
1727
1974
1866
1239
1359
1522
1996
1274
1826
1768
1344
1472
1182
1846
1729
1598
1580
1456
1112
1490
1759
1224
1538
1685
1885
1819
1850
1682
1530
1977
1833
1186
1704
1576
1664
1864
1948
1393
1761
1686
1587
1545
1197
1269
1102
1020
1196
2000
1232
1114
1290
1689
1771
1077
1839
1741
1134
1185
1104
1247
1824
1606
1238
1244
1498
1865
1722
1829
1503
1317
1252
1389
1569
1623
1483
1042
1566
1798
1795
1431
1527
1263
1966
1981
1955
1511
1596
1870
1507
1592
1067
1267
1891
1952
1710
1872
1767
1613
1627
1774
1509
1610
1558
1889
1766
1128
1122
1673
1413
1786
1859
1600
1055
1199
1062
1560
1640
1922
1738
1236
1529
1568
1810
1663
1602
1229
1277
1887
1381
1125
1488
1782
1589
1862
1022
1161
1524
1287
1006
1360
1997
1776
1724
1138
1725
1351
1773
1357
1614
1245
1683
1394
1207
1834
1959
1521
1127
1241
1565
1874
1836
1604
1007
1166
1292
1353
1883
1074
1152
1526
1499
1620
1151
1919
1941
1994
1666
1800
1601
1916
1548
1638
1293
1313
1684
1842
1978
1078
1951
1622
1650
1315
1008
1918
1814
1898
1995
1172
1599
1339
1279
1438
1210
1160
1294
1068
1714
1913
1278
1970
1857
1861
1454
1789
1624
1012
1425
1654
1484
1026
1460
1583
1148
1243
1572
1881
1036
1496
1528
1926
1971
1717
1226
1126
1816
1452
1418
1420
1855
1630
1270
1853
1585
1076
1434
1591
1492
1355
1430
1803
1398
1156
1570
1643
1756
1607
1254
1695
1044
1281
1070
1655
1758
1403
1931
1082
1092
1208
1031
1414
